[What to Fit]
planet radius                    = True
limb darkening coefficients      = [False, False]
time of mid-transit              = True
period                           = False
scaled semi-major axis           = False
inclination                      = False
eccentricity                     = False
argument of periastron longitude = False

[Multi-Transits:What to Trust]
rp  = [2, 2, 2, 2, 2, 2, 2, 2, 2, 2, 2]
u   = [2, 2, 2, 2, 2, 2, 2, 2, 2, 2, 2]
t0  = [1, 1, 1, 1, 1, 1, 1, 1, 1, 1, 1]
per = [2, 2, 2, 2, 2, 2, 2, 2, 2, 2, 2]
a   = [2, 2, 2, 2, 2, 2, 2, 2, 2, 2, 2]
inc = [2, 2, 2, 2, 2, 2, 2, 2, 2, 2, 2]
ecc = [2, 2, 2, 2, 2, 2, 2, 2, 2, 2, 2]
w   = [2, 2, 2, 2, 2, 2, 2, 2, 2, 2, 2]

[WASP-4b]
rp =  [0.1543046,           0.004]
u =  [[0.478, 0.081],      [0.1, 0.1]]
t0 = [2454732.585,          0.005]
per = [1.33789,             0.005]
a =   [5.442225,            0.05]
inc = [87.92773,            0.6]
ecc = [0.0007,              0.01]
w =   [89.9,                0.1]
limb_dark = 'quadratic'






























t0 =  [[2454368.5923818415, 2454697.7974877632, 2454701.8120319489, 2454732.5913833696, 2454740.6207930511, 2454396.6954106437, 2454697.7974969763, 2454748.6504099863, 2454732.5908197025, 2455096.591345137, 2456232.7462794753],         0.005]


[rCousins]
t00 = 2454368.5923818415, 0.00018949480727314949, 0.00019498029723763466
t01 = 2454697.7974877632, 0.00021984055638313293, 0.00020037777721881866
t02 = 2454701.8120319489, 0.00024463562294840813, 0.00027701258659362793
t03 = 2454732.5913833696, 0.00025943014770746231, 0.00022425036877393723
t04 = 2454740.6207930511, 0.00018410384654998779, 0.00018271524459123611

rp = 0.1615259588162187, 0.00055519353462946119, 0.00054084148623970152],
u1 = 0.47714873645001654, 0.057020468881532449, 0.069490771714993405],
u2 = 0.038579060189507283, 0.11134975221221277, 0.080380763691048102],

per = 1.3378899338918311, 0.0051119219977213692, 0.0049383565624174786
a = 5.5088710843027986, 0.10009615610497491, 0.099164631726756269
inc = 88.029395840204657, 0.68779450029117584, 0.62492480287281182
ecc = 0.00021434681032542202, 0.010155618256547247, 0.010115913529473984
w = 89.999353691260211, 0.010365994072927265, 0.010517582850383178

[Zs]
t00 = 2454396.6954106437, 5.6501477956771851e-05, 6.9223809987306595e-05
t01 = 2454697.7974969763, 6.1803031712770462e-05, 6.7063607275485992e-05
t02 = 2454748.6504099863, 9.5797237008810043e-05, 8.7176449596881866e-05

rp = 0.15467574232441894, 0.00039738656653548476, 0.00047553335088706961
u1 = 0.36502434787350685, 0.02910417449993391, 0.038669429990438264
u2 = 0.078166688198870807, 0.047503470038467985, 0.040233691983491429

per = 1.3377115329824487, 0.0050014387524910386, 0.004947325715646933
a = 5.5248072037856275, 0.041053165172597161, 0.028226475814729923
inc = 87.970375352315131, 0.62714593294208498, 0.70094740614210593
ecc = 0.00076398352671791427, 0.0095018354399821342, 0.01040162967854558
w = 89.894267148085177, 0.10083883514674596, 0.10208220448991767

[rGeneric]
t00 = 2454732.5908197025, 0.001295069232583046, 0.0011455104686319828
t01 = 2455096.591345137, 0.00044599222019314766, 0.00047531398013234138
t02 = 2456232.7462794753, 0.00014249887317419052, 0.00012252479791641235

rp = 0.15340111885211999, 0.00084818080027912468, 0.00080829961011105733
u1 = 0.29745194505372208, 0.070707333335747385, 0.078734072294732782
u2 = 0.42342456867721068, 0.15202345813156037, 0.11117470496650783

per = 1.3378985935691257, 0.0051600253795984763, 0.0051747373187276402
a = 5.4422254799669396, 0.10251872882958679, 0.10353296021477298
inc = 87.927730789901219, 0.6624969616797074, 0.73893925576972208
ecc = 0.00016813540276308853, 0.010102056492242573, 0.010411666668753787
w = 89.995592943672847, 0.093460773562711097, 0.10306815076494047